M[1]:[2.30751800537,-0.940550804138,2.56239008904,-2.00788092613,0.809456527233,0.233618095517,-0.771779716015,-2.17615604401,-1.04906201363];
M[2]:[2.1905670166,-2.93821907043,2.35884594917,-1.19084000587,-0.331477403641,0.9504160285,-0.878176808357,0.345988601446,-0.0706717669964];
M[3]:[2.47165989876,-2.59236598015,1.65469694138,-0.815550684929,0.739781618118,-0.962912917137,0.877109229565,-0.326262205839,0.0901211574674];
M[4]:[2.29013991356,-2.89471197128,2.82046198845,-2.3824570179,1.91515004635,-1.74265503883,1.11814594269,-0.460624814034,0.00175693596248];
M[5]:[3.12638497353,-5.14791107178,5.34898710251,-4.29722595215,3.04699802399,-2.28024697304,1.34754395485,-0.440215796232,-0.0032426090911];
M[6]:[2.15738201141,-2.50202703476,2.44729304314,-2.58876204491,2.04688501358,-1.38600003719,1.05010700226,-0.660492002964,0.00420035189018];
M[7]:[1.68683898449,-1.5534080267,0.843080580235,-0.36108648777,0.393993496895,-0.564462721348,0.426396310329,-0.159846499562,0.152509793639];
M[8]:[2.3762960434,-3.47000098228,3.82285189629,-4.19606018066,4.57064390182,-4.52035808563,2.88252401352,-1.29502105713,-0.387085914612];
M[9]:[2.37462806702,-2.89401602745,1.69279694557,0.00126392301172,-0.671795904636,0.106105297804,0.201007395983,-0.213144406676,-0.0240590497851];
M[10]:[1.11296498775,-0.773126780987,0.624902904034,-0.936844408512,0.919316887856,-0.869192779064,0.553570270538,-0.47912850976,0.687769174576];
M[11]:[1.21042299271,-0.754523277283,0.263659209013,-0.10913900286,-0.130086094141,-0.560075998306,0.846971273422,-0.890078723431,-0.206250101328];
M[12]:[1.45745897293,-1.43372404575,1.30665802956,-1.55026304722,1.43058502674,-1.26876294613,0.9438803792,-1.1592810154,-0.857667922974];
M[13]:[2.15577411652,-2.92967391014,2.90404009819,-2.75400304794,2.64255404472,-2.95620799065,2.31117892265,-0.906087696552,0.00863885134459];
M[14]:[0.881766498089,0.0207106601447,0.655097723007,-1.28591704369,0.32818710804,-1.03920900822,1.27594995499,-0.313651591539,-1.14962995052];
M[15]:[2.22793292999,-2.53330111504,2.19532394409,-1.5916659832,0.991709172726,-0.875351011753,0.461181402206,0.0211223103106,0.000431546097388];
M[16]:[2.60813689232,-3.33719396591,3.0243909359,-2.1815700531,1.39587497711,-1.11472404003,0.848517298698,-0.318900704384,0.00209384202026];
M[17]:[2.40368294716,-3.39936208725,3.63378310204,-2.96004199982,2.22190093994,-1.54584002495,0.97848212719,-0.321653187275,-0.0628046393394];
M[18]:[3.28985691071,-5.32032394409,5.65721607208,-4.9668340683,3.73799991608,-2.70495510101,1.46724402905,-0.553653597832,-0.00122692296281];
M[19]:[1.1098959446,-1.30654895306,1.46920001507,-1.51242995262,1.2709980011,-0.148015007377,0.249416097999,-0.316241890192,1.75440096855];
M[20]:[1.68213701248,-0.920984625816,0.557012498379,-1.18357896805,0.787104010582,-0.432421803474,0.596344292164,-0.262408405542,-0.327109694481];
M[21]:[2.19662499428,-2.53715991974,2.293872118,-1.92146098614,1.22493696213,-0.513916790485,0.0806577503681,0.0535722784698,0.199101805687];
M[22]:[1.70038104057,-1.51398205757,1.65091502666,-1.60577094555,1.65500795841,-1.4405850172,1.00183999538,-0.282843410969,-0.539944827557];
M[23]:[2.25011706352,-2.62259197235,2.26183605194,-2.06219911575,2.13287806511,-1.93957698345,1.25930798054,-0.382412791252,-0.0797531306744];
M[24]:[0.811032176018,0.207999199629,0.4249573946,-0.690787374973,0.0234489999712,-0.559681594372,0.486095488071,0.05082885921,0.301393508911];
